Name	Number	Kalpha1	Kalpha2	Kbeta1	KalphaMean	AbsorpCoeff	UAnr_kV
Li	3	22.83319843	0	0	0	0	0
Be	4	11.42712143	0	0	0	0	0
B	5	6.764008046	0	0	0	0	0
C	6	4.475966335	0	0	0	0	0
N	7	3.159639844	0	0	0	0	0
O	8	2.36205501	0	0	0	0	0
F	9	1.831918846	0	0	0	0	0
Ne	10	1.461044868	1.461044868	0	1.46104404	0	0
Na	11	1.191034097	1.191034097	1.157541476	1.19103342	0	0
Mg	12	0.989025746	0.989025746	0.952113865	0.98902519	0	0
Al	13	0.833956195	0.834197471	0.796072217	0.83403613	0	0
Si	14	0.712561452	0.71280725	0.675317644	0.71264296	0	0
P	15	0.615703767	0.616009676	0.579609497	0	0	0
S	16	0.537230776	0.537510264	0.503174735	0	0	0
Cl	17	0.472791108	0.473081554	0.44034759	0	0	0
Ar	18	0.419191492	0.419485076	0.388604505	0	0	0
K	19	0.374145294	0.374450387	0.345398561	0	0	0
Ca	20	0.335847819	0.336174734	0.308979658	0	0	0
Sc	21	0.303095554	0.303429352	0.27796047	0	0	0
Ti	22	0.27485800	0.27522300	0.25139700	0.27498000	0	0
V	23	0.250361996	0.250744781	0.228445997	0.25048932	0	0	
Cr	24	0.22897263	0.22936513	0.20848881	0.22910346	0.2070200	5.98
Mn	25	0.21018543	0.21018543	0.19102164	0.21018543	0.1896360	6.54
Fe	26	0.19360413	0.19399733	0.17566055	0.19373520	0.1743460	7.11
Co	27	0.17889961	0.17928351	0.16208263	0.17902758	0.1608150	7.71
Ni	28	0.16579301	0.16617561	0.15001523	0.16592054	0.1488070	8.33
Cu	29	0.154059295	0.154442745	0.13922346	0.154187112	0.1380590	8.98
Zn	30	0.143519246	0.143903706	0.129528069	0.14364709	0	0
Ga	31	0.134011837	0.134402912	0.120792919	0.13414187	0	0
Ge	32	0.125408659	0.125804406	0.112896684	0.12554023	0	0
As	33	0.11759063	0.11799047	0.10573269	0	0	0
Se	34	0.11047928	0.110884386	0.099219958	0	0	0
Br	35	0.103977011	0.104384949	0.093281571	0	0	0
Kr	36	0.098019027	0.098415834	0.087857332	0	0	0
Rb	37	0.092558037	0.092971001	0.082869983	0	0	0
Sr	38	0.087528604	0.087945203	0.07829415	0	0	0
Y	39	0.082886049	0.083306525	0.074074411	0	0	0
Zr	40	0.0785949	0.0790167	0.0701753	0.0787359	0	0
Nb	41	0.0746214	0.0750465	0.0665777	0.0747627	0	0
Mo	42	0.07093000	0.07135900	0.06322880	0.07107300	0.0619780	20.0
Tc	43	0.067503453	0.067933607	0.060131077	0	0	0
Ru	44	0.064309861	0.06474239	0.057249579	0	0	0
Rh	45	0.061329469	0.061764531	0.054561895	0	0	0
Pd	46	0.058546386	0.058983672	0.052053331	0.05869139	0	0
Ag	47	0.05594075	0.05637980	0.04970690	0.05608710	0.0485890	25.5
Cd	48	0.053502377	0.053943495	0.047511742	0.05364858	0	0
In	49	0.051212641	0.051655807	0.04545561	0.05135949	0	0
Sn	50	0.049061294	0.049506575	0.043524632	0.0492088	0	0
Sb	51	0.047036609	0.047483902	0.041709593	0.04718474	0	0
Te	52	0.045130647	0.045579603	0.040000473	0.04527929	0	0	
I	53	0.043332961	0.043784084	0.038391522	0	0	0
Xe	54	0.041634799	0.042088488	0.036873741	0	0	0
Cs	55	0.040030048	0.040484527	0.03543734	0	0	0
Ba	56	0.038512085	0.038967809	0.034082024	0	0	0	
La	57	0.037074639	0.037532207	0.032799203	0	0	0	
Ce	58	0.035710063	0.036169267	0.031582474	0	0	0	
Pr	59	0.034414932	0.034875828	0.030426931	0	0	0
Nd	60	0.033185479	0.033648037	0.029330602	0	0	0
Pm	61	0.032016844	0.032481103	0.028290117	0	0	0
Sm	62	0.03090482	0.031370632	0.027301492	0	0	0
Eu	63	0.029845378	0.030312594	0.026358376	0	0	0
Gd	64	0.028836099	0.029304536	0.02546035	0	0	0
Tb	65	0.027873158	0.028343083	0.024608842	0	0	0
Dy	66	0.026954039	0.027425415	0.023788689	0	0	0
Ho	67	0.026076314	0.026549264	0.023012467	0	0	0
Er	68	0.025237141	0.025711622	0.02226689	0	0	0
Tm	69	0.024434442	0.024910145	0.021556108	0	0	0
Yb	70	0.023666133	0.024143059	0.020883319	0	0	0	
Lu	71	0.02293041	0.023408717	0.020231429	0	0	0
Hf	72	0.022223306	0.022703001	0.019607216	0	0	0
Ta	73	0.021550488	0.022031073	0.019009286	0	0	0
W	74	0.02090100	0.02138280	0.01843740	0.02106160	0.0178330	69.5
Re	75	0.020278649	0.020761659	0.017888366	0	0	0
Os	76	0.019679886	0.020164404	0.017361582	0	0	0
Ir	77	0.019105189	0.019590888	0.016854665	0	0	0
Pt	78	0.018551632	0.019041692	0.016367992	0	0	0
Au	79	0.01801950	0.01850750	0.01589820	0.01818217	0.0153593	80.8
Hg	80	0.017507204	0.01799612	0.015449175	0	0	0
Tl	81	0.017014096	0.017504015	0.015014564	0	0	0
Pb	82	0.016537983	0.017029823	0.014597375	0	0	0	
Bi	83	0.016079321	0.016572158	0.014195101	0	0	0
Po	84	0.01563681	0.016130763	0.013806711	0	0	0
At	85	0.015209061	0.01570415	0.013432748	0	0	0
Rn	86	0.014798791	0.015293483	0.013068859	0	0	0
Fr	87	0.014400031	0.014896584	0.012720249	0	0	0
Ra	88	0.014014272	0.014512966	0.01238233	0	0	0
Ac	89	0.013642035	0.014142154	0.012054863	0	0	0
Th	90	0.013281657	0.013783228	0.011739934	0	0	0
Pa	91	0.01293281	0.013434641	0.011434815	0	0	0
U	92	0.012595035	0.01309716	0.011139647	0	0	0
Np	93	0	0	0	0	0	0
Pu	94	0	0	0	0	0	0
Am	95	0	0	0	0	0	0
